Occupancy Grid
+------+--------------------+--------------------+--------------------+--------------------+--------------------+---------------------+---------------------+---------------------+---------------------+---------------------+---------------------+---------------------+---------------------+---------------------+---------------------+---------------------+-----+
| Cell |         1          |         2          |         3          |         4          |         5          |          6          |          7          |          8          |          9          |          10         |          11         |          12         |          13         |          14         |          15         |          16         |  17 |
+------+--------------------+--------------------+--------------------+--------------------+--------------------+---------------------+---------------------+---------------------+---------------------+---------------------+---------------------+---------------------+---------------------+---------------------+---------------------+---------------------+-----+
|  1   | 1.3862943611198908 | 1.3862943611198908 | 1.3862943611198908 | 1.3862943611198908 | 1.3862943611198908 |  1.3862943611198908 |  2.7725887222397816 |  2.7725887222397816 |  2.7725887222397816 |  2.7725887222397816 |  2.7725887222397816 |  2.7725887222397816 |  2.7725887222397816 |  2.7725887222397816 |  2.7725887222397816 |  2.7725887222397816 | 0.0 |
|  2   |        0.0         |        0.0         |        0.0         |        0.0         |        0.0         |         0.0         |         0.0         |         0.0         |         0.0         |         0.0         |         0.0         |         0.0         |         0.0         |         0.0         |         0.0         |         0.0         | 0.0 |
|  3   |        0.0         |        0.0         |        0.0         |        0.0         |        0.0         |         0.0         |         0.0         |  1.3862943611198908 |  1.3862943611198908 |  1.3862943611198908 |  1.3862943611198908 |  1.3862943611198908 | -0.8109302162163283 |  0.5753641449035625 |  0.5753641449035625 |  0.5753641449035625 | 0.0 |
|  4   |        0.0         |        0.0         |        0.0         |        0.0         |        0.0         |         0.0         |         0.0         |  1.3862943611198908 |  1.3862943611198908 |  1.3862943611198908 |  1.3862943611198908 |  1.3862943611198908 |  1.3862943611198908 |  1.3862943611198908 |  1.3862943611198908 |  1.3862943611198908 | 0.0 |
|  5   | -2.197224577336219 | -2.197224577336219 | -2.197224577336219 | -2.197224577336219 | -2.197224577336219 |  -2.197224577336219 |  -2.197224577336219 |  -2.197224577336219 |  -2.197224577336219 |  -2.197224577336219 |  -2.197224577336219 |  -2.197224577336219 |  -2.197224577336219 |  -2.197224577336219 |  -2.197224577336219 |  -2.197224577336219 | 0.0 |
|  6   |        0.0         | -2.197224577336219 | -2.197224577336219 | -2.197224577336219 | -2.197224577336219 |  -2.197224577336219 |  -2.197224577336219 |  -2.197224577336219 |  -2.197224577336219 |  -2.197224577336219 |  -2.197224577336219 |  -2.197224577336219 |  -2.197224577336219 |  -2.197224577336219 |  -2.197224577336219 |  -2.197224577336219 | 0.0 |
|  7   |        0.0         | -2.197224577336219 | -2.197224577336219 | -4.394449154672438 | -4.394449154672438 |  -4.394449154672438 |  -4.394449154672438 |  -4.394449154672438 |  -4.394449154672438 |  -4.394449154672438 |  -4.394449154672438 |  -4.394449154672438 |  -4.394449154672438 | -3.0081547935525474 | -3.0081547935525474 | -3.0081547935525474 | 0.0 |
|  8   |        0.0         | -2.197224577336219 | -4.394449154672438 | -4.394449154672438 | -4.394449154672438 |  -4.394449154672438 |  -4.394449154672438 |  -4.394449154672438 |  -4.394449154672438 |  -4.394449154672438 |  -4.394449154672438 |  -4.394449154672438 |  -4.394449154672438 |  -4.394449154672438 |  -4.394449154672438 |  -4.394449154672438 | 0.0 |
|  9   |        0.0         |        0.0         |        0.0         |        0.0         |        0.0         |  1.3862943611198908 |  1.3862943611198908 |  1.3862943611198908 |  1.3862943611198908 |  1.3862943611198908 |  1.3862943611198908 |  1.3862943611198908 |  1.3862943611198908 |  1.3862943611198908 |  1.3862943611198908 |  1.3862943611198908 | 0.0 |
|  10  |        0.0         |        0.0         |        0.0         |        0.0         |        0.0         |  1.3862943611198908 |  1.3862943611198908 |  1.3862943611198908 | -0.8109302162163283 | -0.8109302162163283 | -0.8109302162163283 | -0.8109302162163283 | -0.8109302162163283 | -0.8109302162163283 | -0.8109302162163283 | -0.8109302162163283 | 0.0 |
|  11  |        0.0         |        0.0         |        0.0         | -2.197224577336219 | -2.197224577336219 | -0.8109302162163283 | -0.8109302162163283 | -0.8109302162163283 | -0.8109302162163283 | -0.8109302162163283 | -0.8109302162163283 | -0.8109302162163283 | -0.8109302162163283 | -3.0081547935525474 | -3.0081547935525474 | -3.0081547935525474 | 0.0 |
|  12  |        0.0         |        0.0         | -2.197224577336219 | -2.197224577336219 | -2.197224577336219 |  -2.197224577336219 |  -2.197224577336219 |  -2.197224577336219 |  -2.197224577336219 | -0.8109302162163283 | -0.8109302162163283 | -0.8109302162163283 | -0.8109302162163283 | -0.8109302162163283 | -0.8109302162163283 | -0.8109302162163283 | 0.0 |
|  13  |        0.0         |        0.0         |        0.0         |        0.0         |        0.0         |         0.0         |         0.0         |         0.0         |         0.0         |         0.0         |         0.0         |  1.3862943611198908 |  1.3862943611198908 |  1.3862943611198908 |  2.7725887222397816 |  2.7725887222397816 | 0.0 |
|  14  |        0.0         |        0.0         |        0.0         |        0.0         |        0.0         |         0.0         |         0.0         |         0.0         |  1.3862943611198908 |  1.3862943611198908 |  1.3862943611198908 |  1.3862943611198908 |  1.3862943611198908 |  1.3862943611198908 | -0.8109302162163283 | -0.8109302162163283 | 0.0 |
|  15  |        0.0         |        0.0         |        0.0         |        0.0         | -2.197224577336219 |  -2.197224577336219 |  -2.197224577336219 |  -2.197224577336219 |  -2.197224577336219 |  -2.197224577336219 |  -2.197224577336219 |  -2.197224577336219 |  -2.197224577336219 |  -2.197224577336219 |  -2.197224577336219 |  -2.197224577336219 | 0.0 |
|  16  |        0.0         |        0.0         |        0.0         |        0.0         | 1.3862943611198908 |  1.3862943611198908 |  1.3862943611198908 |  1.3862943611198908 |  1.3862943611198908 |  2.7725887222397816 |  2.7725887222397816 |  2.7725887222397816 |  2.7725887222397816 |  2.7725887222397816 |  2.7725887222397816 |  2.7725887222397816 | 0.0 |
+------+--------------------+--------------------+--------------------+--------------------+--------------------+---------------------+---------------------+---------------------+---------------------+---------------------+---------------------+---------------------+---------------------+---------------------+---------------------+---------------------+-----+